4419859654000101793
3426234460029626413
8165572504835573089
6497594173313010385
833843207864343650
5881681623696432588
7122664323476450151
8668502257113871657
5969332878648199162
1173522436498670423
5865241705161840937
4409557201909407214
7504094682804176487
8717505329377644456
1202477596826306568
286129960325551095
5160902284659540346
645927218920666309
3952078387529337624
9056048471120686530
6703676479957486161
4709190152764233865
5579963636597383811
5743194184484008922
2480354470878208545
3825461684355113720
6764716795036732410
901881392388522350
2910751307930417760
3631331602531692584
8568680800887742046
4879904353724213649
